#  EDSSMat series of matrix
#  Scoring Matrix in 1/2 Bit Units
#  column B is weighted average of columns N & D,column Z is weighted averages
#  of columns Q & E, and X is weighted averages of all 20 amino acids for X.
#  * column uses minimum score 
#  Cluster Percentage: >= 50; Entropy =   0.9099, Expected =  -0.2347
   A  R  N  D  C  Q  E  G  H  I  L  K  M  F  P  S  T  W  Y  V  B  Z  X  *
A  4 -3 -2 -2 -1 -2 -2  0 -2 -1 -2 -3 -1 -2 -1  0  1 -4 -3  1 -2 -2 -1 -4 
R -3  6 -2 -4 -1  0 -3 -2  0 -3 -2  2 -2 -3 -3 -2 -3  0 -2 -3 -3 -2 -2 -4 
N -2 -2  6  0 -1 -1 -2 -1  1 -1 -3 -1 -3 -3 -3  0  0 -4 -1 -2  3 -2 -1 -4 
D -2 -4  0  6 -3 -2  2 -1 -2 -4 -4 -3 -4 -4 -4 -2 -3 -4 -2 -3  3  0 -2 -4 
C -1 -1 -1 -3 12 -3 -4 -1  0 -1 -1 -3 -2  1 -3  0 -2  2  3  0 -2 -4  0 -4 
Q -2  0 -1 -2 -3  6 -1 -2  2 -2 -1  0 -1 -3 -1 -2 -2 -2 -2 -2 -2  2 -1 -4 
E -2 -3 -2  2 -4 -1  5 -2 -2 -3 -4 -1 -3 -4 -3 -3 -2 -4 -4 -2  0  2 -2 -4 
G  0 -2 -1 -1 -1 -2 -2  5 -2 -3 -3 -3 -3 -4 -3 -1 -2 -2 -3 -1 -1 -2 -2 -4 
H -2  0  1 -2  0  2 -2 -2  8 -2 -1 -2 -2  0 -1 -2 -2 -2  2 -3  0  0 -1 -4
I -1 -3 -1 -4 -1 -2 -3 -3 -2  8  2 -3  3  1 -3 -2  0 -3 -1  3 -2 -2 -1 -4 
L -2 -2 -3 -4 -1 -1 -4 -3 -1  2  7 -3  2  2 -1 -2 -2 -1 -1  1 -4 -2 -1 -4 
K -3  2 -1 -3 -3  0 -1 -3 -2 -3 -3  6 -2 -4 -3 -3 -2 -4 -4 -3 -2  0 -2 -4 
M -1 -2 -3 -4 -2 -1 -3 -3 -2  3  2 -2  9  1 -3 -3  0 -2 -2  2 -4 -2 -1 -4 
F -2 -3 -3 -4  1 -3 -4 -4  0  1  2 -4  1 10 -3 -2 -2  2  5  0 -4 -4 -1 -4 
P -1 -3 -3 -4 -3 -1 -3 -3 -1 -3 -1 -3 -3 -3  4 -1 -1 -4 -3 -2 -4 -2 -2 -4 
S  0 -2  0 -2  0 -2 -3 -1 -2 -2 -2 -3 -3 -2 -1  4  0 -3 -2 -2 -1 -2 -1 -4 
T  1 -3  0 -3 -2 -2 -2 -2 -2  0 -2 -2  0 -2 -1  0  5 -3 -3  0 -2 -2 -1 -4 
W -4  0 -4 -4  2 -2 -4 -2 -2 -3 -1 -4 -2  2 -4 -3 -3 14  2 -2 -4 -3 -1 -4 
Y -3 -2 -1 -2  3 -2 -4 -3  2 -1 -1 -4 -2  5 -3 -2 -3  2 11 -1 -2 -3 -1 -4 
V  1 -3 -2 -3  0 -2 -2 -1 -3  3  1 -3  2  0 -2 -2  0 -2 -1  6 -2 -2 -1 -4 
B -2 -3  3  3 -2 -2  0 -1  0 -2 -4 -2 -4 -4 -4 -1 -2 -4 -2 -2  3  3  0 -4
Z -2 -2 -2  0 -4  2  2 -2  0 -2 -2  0 -2 -4 -2 -2 -2 -3 -3 -2  3  2  0 -4
X -1 -2 -1 -2  0 -1 -2 -2 -1 -1 -1 -2 -1 -1 -2 -1 -1 -1 -1 -1  0  0 -1 -4
* -4 -4 -4 -4 -4 -4 -4 -4 -4 -4 -4 -4 -4 -4 -4 -4 -4 -4 -4 -4 -4 -4 -4  1
